0.1292
0.582
0.661333333333333
1.00626666666667
1.02606666666667
1.3536
1.77693333333333
1.8112
1.92633333333333
2.35786666666667
2.7812
2.78526666666667
2.79253333333333
2.83573333333333
2.85213333333333
2.87073333333333
2.88686666666667
3.3682
3.37573333333333
3.37973333333333
3.3978
3.90273333333333
3.9242
3.92886666666667
3.9318
3.968
4.5224
4.53073333333333
4.5424
4.54613333333333
4.56606666666667
5.0486
5.16746666666667
5.1744
5.19286666666667
5.19673333333333
5.20173333333333
5.27273333333333
5.94013333333333
6.10286666666667
6.11186666666667
6.12753333333333
6.13886666666667
6.19233333333333
6.24713333333333
6.27366666666667
6.38273333333333
6.39046666666667
6.41686666666667
6.456
6.5122
6.547
7.27273333333333
7.27653333333333
7.31786666666667
7.32786666666667
7.3356
8.58006666666667
8.5842
8.607
8.6706
9.99853333333333
10.0020666666667
10.0080666666667
10.0159333333333
10.047
10.3254
10.455
10.47
10.4930666666667
10.4994666666667
10.5166
10.5429333333333
10.5539333333333
10.5776
10.8111333333333
10.8234
10.849
10.8861333333333
10.9134666666667
12.1143333333333
12.1202666666667
12.1246666666667
12.1496666666667
12.1698
12.5571333333333
12.5704666666667
12.5762666666667
12.6574666666667
13.5414666666667
13.5490666666667
13.5837333333333
13.5963333333333
13.6255333333333
15.0019333333333
15.0077333333333
15.0205333333333
15.0268
15.0414666666667
15.0538666666667
15.1035333333333
16.0228666666667
16.0291333333333
16.0322666666667
16.0371333333333
16.1108666666667
17.3598
17.3728666666667
17.382
17.391
17.4372666666667
17.5041333333333
17.7587333333333
17.7836
17.7915333333333
17.7958
17.8824
19.0038666666667
19.0120666666667
19.0165333333333
19.0198
19.0653333333333
19.0793333333333
19.7089333333333
19.7422
20.3374666666667
20.5015333333333
20.6506
20.9577333333333
21.3201333333333
21.4388666666667
21.869
22.5244666666667
22.7872666666667
22.7944666666667
22.8077333333333
23.2581333333333
23.3563333333333
23.8096
23.8879333333333
23.8932
23.9004
23.9074666666667
24.5149333333333
24.5197333333333
24.5251333333333
24.615
25.1566
25.1618
25.1682
25.1734666666667
25.1989333333333
25.2375333333333
25.261
26.0887333333333
26.0948666666667
26.1170666666667
26.1394666666667
26.1526
26.2472
26.3692666666667
26.4593333333333
27.2486
27.2535333333333
27.2802
27.3062
27.3530666666667
28.5666
28.5741333333333
28.5947333333333
28.6378666666667
29.7251333333333
30.0222
30.4686
30.4902666666667
30.5106
30.5316666666667
30.5668
30.8012666666667
30.8105333333333
31.8282666666667
32.0979333333333
32.1060666666667
32.1210666666667
32.1258
32.1296
32.5530666666667
32.5622666666667
33.5427333333333
33.5581333333333
33.5623333333333
33.5668666666667
33.5820666666667
33.5959333333333
33.6009333333333
35.0035333333333
35.0435333333333
35.0560666666667
35.1118666666667
35.1456
36.0215333333333
36.0276
36.0334
37.3617333333333
37.3736666666667
37.4246
37.7869333333333
37.7942
37.8102
38.9914
39.0066
39.0296
39.098
39.7462666666667
39.7645333333333
40.5322
41.667
41.7544666666667
41.896
42.1662
42.8210666666667
42.8901333333333
42.9084
43.4737333333333
43.9324
43.9368666666667
44.0627333333333
44.5238
44.5308
44.5404
44.5481333333333
44.577
45.1883333333333
45.195
45.2195333333333
45.2252
45.2656666666667
45.7740666666667
46.1123333333333
46.1174
46.3955333333333
46.5355333333333
47.3034
47.9618
48.5956666666667
50.0340666666667
50.0772
50.4836
50.5047333333333
50.5244
52.1250666666667
52.1401333333333
52.1564666666667
52.1731333333333
52.5992666666667
52.6319333333333
53.5502
53.5639333333333
53.5732
53.6056666666667
53.637
53.655
55.0085333333333
55.0148
55.0554
55.0704666666667
55.0913333333333
55.1051333333333
56.0544666666667
56.0799333333333
57.7992666666667
59.0472666666667
59.0658666666667
59.0840666666667
59.1080666666667
59.1174666666667
59.1308
59.7194
59.7706
61.5884666666667
62.3152
62.7875333333333
62.8316666666667
64.4672
64.5165333333333
64.5408666666667
64.5905333333333
65.1747333333333
65.1778666666667
65.2064666666667
66.1006
66.1162
66.1994
66.2180666666667
66.3695333333333
66.4111333333333
68.5154
68.5423333333333
68.5925333333333
68.6482666666667
69.9436
69.983
69.9996666666667
70.0304
70.0994
70.503
70.5952666666667
70.8004666666667
72.097
73.0512666666667
73.2520666666667
73.5744666666667
73.5849333333333
73.6566666666667
75.1266666666667
76.0411333333333
76.0793333333333
76.9275333333333
77.1841333333333
77.3448666666667
77.3582
79.7018
80.9705333333333
82.1995333333333
82.6415333333333
82.8018
82.8064666666667
82.8141333333333
83.3820666666667
83.5872
83.9026
83.9229333333333
84.5274
84.5314666666667
84.6470666666667
85.1847333333333
85.1914666666667
85.2157333333333
86.0872666666667
86.0934666666667
86.1002
86.1128666666667
86.1177333333333
86.1306666666667
86.1561333333333
86.1701333333333
86.1886
86.4614666666667
86.5692
87.2586666666667
87.2680666666667
87.3662666666667
88.0952666666667
88.6033333333334
88.656
88.6905333333333
90.018
90.4714666666667
90.4888
90.7950666666667
90.8007333333333
92.0237333333333
92.1114666666667
92.1253333333333
92.6418666666667
93.4626666666667
93.5428
93.5566
93.5934666666667
93.6324
95.0462666666667
95.1038
95.9101333333333
96.0206666666667
96.0454
97.3494
97.3798
97.3926666666667
97.7865333333333
97.849
97.9537333333333
99.0093333333333