2715.7072
2759.536893
3291.774328
3302.66321
3831.678563
3879.465766
4442.788305
4520.618571
5093.323676
5174.772136
6021.458962
6114.255111
6289.104225
6375.12916
6442.484541
6485.5823
7184.521677
7250.393797
8502.335968
8578.150922
9910.267094
9937.71748
10380.49593
10471.92904
10704.9164
10766.14492
12026.91376
12093.77486
12459.94619
12491.04336
13464.10994
13523.50033
14917.75233
15011.59483
15948.65603
15988.8238
17267.18947
17336.18726
17381.08769
17426.35907
17672.90154
17739.35987
18919.1597
18992.07691
19621.39217
19667.13872